39 10494 10494
0 0 0 10494 8928 0 2620 8779
1 2 0 10494 8938 2495 3138 8928
2 2 0 10494 8948 2510 3138 8938
3 2 0 10494 8956 2525 3138 8948
4 2 0 10494 8963 2590 3138 8956
5 2 0 10494 8971 2605 3138 8963
6 2 0 10494 8979 2620 3138 8971
7 2 0 10494 8987 2680 3138 8979
8 2 0 10494 8994 2690 3138 8987
9 2 0 10494 9002 2705 3138 8994
10 2 0 10494 9010 2770 3138 9002
11 2 0 10494 9016 2780 3138 9010
12 2 0 10494 9023 2790 3138 9016
13 2 0 10494 9031 2860 3138 9023
14 2 0 10494 9037 2870 3138 9031
15 2 0 10494 9043 2880 3138 9037
16 2 0 10494 9050 2950 3138 9043
17 2 0 10494 9057 2960 3138 9050
18 2 0 10494 9064 2970 3138 9057
19 2 0 10494 9072 3038 3055 9064
20 2 0 10494 9088 3055 3110 9078
21 0 0 10494 9088 3055 3295 9050
22 9 0 10494 9494 0 1 8928
23 2 0 10494 9078 3044 3055 9072
24 3 0 10494 9050 3139 3242 8791
25 0 0 10494 8862 3242 4847 8791
26 3 0 10494 9761 4847 4933 8791
27 1 0 10494 9634 4594 4602 8978
28 0 0 10494 9406 3844 4495 9370
29 23 3940 9260 9331 3845 4035 8862
30 23 4042 9176 9280 3969 4134 8859
31 10 1061 9100 9122 1047 1075 9100
32 10 1133 9159 9181 1119 1147 9159
33 10 1211 9098 9120 1197 1225 9098
34 18 1569 8931 9152 1281 1822 8929
35 10 1874 9098 9120 1860 1888 9098
36 10 1941 9161 9183 1927 1955 9161
37 10 2020 9101 9123 2006 2034 9101
38 17 3445 8861 9013 3274 3616 8861
1 10494 0 10494 0 0
10 10494 0 5247 5247 0
100 10494 0 2623 2623 0
1000 10494 0 1311 3935 0
10000 10494 0 655 3279 2 0 22
10001 10494 655 1311 3279 5 0 31 32 33 34
10002 3279 0 655 3935 0
10003 3279 655 1311 3935 0
1001 10494 1311 2623 3935 0
10010 10494 1311 656 3279 1 0
10011 10494 656 2623 3279 11 0 1 2 3 4 5 6 34 35 36 37
10012 3279 1311 656 3935 0
10013 3279 656 2623 3935 0
1002 3935 0 1311 2623 0
1003 3935 1311 2623 2623 0
101 10494 2623 5247 2623 0
1010 10494 2623 1312 3935 0
1011 10494 1312 5247 3935 0
10110 10494 1312 1967 3279 0
10111 10494 1967 5247 3279 30 1 2 3 4 5 6 7 8 9 10 11 12 13 14 15 16 17 18 19 20 21 23 24 25 26 27 28 29 30 38
10112 3279 1312 1967 3935 0
10113 3279 1967 5247 3935 0
1012 3935 2623 1312 2623 0
1013 3935 1312 5247 2623 0
102 2623 0 2623 5247 0
103 2623 2623 5247 5247 0
11 10494 5247 10494 5247 0
12 5247 0 5247 0 0
13 5247 5247 10494 0 0
