4 9542 9542
0 0 0 9542 7972 7 1136 7871
1 3 425 7971 8069 359 492 7970
2 0 0 9542 8020 1136 1599 7915
3 0 0 9542 8165 1461 1858 8019
1 9542 0 9542 0 0
10 9542 0 4771 4771 0
100 9542 0 2385 2385 0
1000 9542 0 1192 3578 0
10000 9542 0 596 2982 2 0 1
10001 9542 596 1192 2982 2 0 2
10002 2982 0 596 3578 0
10003 2982 596 1192 3578 0
1001 9542 1192 2385 3578 0
10010 9542 1192 596 2982 0
10011 9542 596 2385 2982 2 2 3
10012 2982 1192 596 3578 0
10013 2982 596 2385 3578 0
1002 3578 0 1192 2385 0
1003 3578 1192 2385 2385 0
101 9542 2385 4771 2385 0
102 2385 0 2385 4771 0
103 2385 2385 4771 4771 0
11 9542 4771 9542 4771 0
12 4771 0 4771 0 0
13 4771 4771 9542 0 0
